14155633
1 27.354685573
3 21.072828035
5 19.3416073895
7 18.7054995815
9 17.9594511555
11 17.710147974
13 17.8151295005
15 17.919352761
17 17.394384461
19 17.341417162
21 17.5486043935
23 17.9931638785
25 17.676268488
27 17.9336864205
29 17.6324368385
31 18.4123833075
33 18.084908748
35 17.940815094
37 18.2998178165
39 18.4692602455
41 18.023575152
43 17.967780437
45 18.2224669015
47 18.5493777965
49 18.280516255
51 18.13533549
53 18.2693316315
55 18.894593356
57 18.422820094
59 18.621864936
61 18.508328172
63 18.800737168
65 18.8536647945
67 18.791349626
69 18.7337751325
71 19.0545091335
73 18.862487556
75 18.970785104
77 18.8269057245
79 19.5347350185
81 19.1665815595
83 19.0610926805
85 19.152571359
87 19.5545971585
89 19.2977458825
91 19.4951523505
93 19.314771162
95 19.806704624
97 19.3600938745
99 19.572956317
283212 5.794678799
566325 4.6718447785
849438 4.396220407
1132551 4.1838626365
1415664 3.9773321475
1698777 4.0361034455
1981890 3.9436931465
2265003 3.8618857345
2548116 3.890052821
2831229 3.7453296255
3114342 3.675725283
3397455 3.723878438
3680568 3.644171308
3963681 3.6642194565
4246794 3.645553152
4529907 3.704674162
4813020 3.5626592445
5096133 3.514933516
5379246 3.430284266
5662359 3.441468222
5945472 3.4800210815
6228585 3.4164329485
6511698 3.4507783745
6794811 3.395699753
7077924 3.555796119
7361037 3.3782904075
7644150 3.3569624035
7927263 3.313854997
8210376 3.30773256
8493489 3.2199571515
8776602 3.28845955
9059715 3.2035116775
9342828 3.233515446
9625941 3.272428435
9909054 3.2261293175
10192167 3.1869308085
10475280 3.2002585775
10758393 3.185522664
11041506 3.175594117
11324619 3.167194933
11607732 3.1172621935
11890845 3.111548813
12173958 3.244036544
12457071 3.1353828835
12740184 3.085439381
13023297 3.0696570775
13306410 3.0809199605
13589523 3.0960534815
13872636 3.222160216
14155633 3.0631743605
