252034
1 2.6087239455
3 1.676555809
5 1.398648852
7 1.2554841775
9 1.2215337325
11 1.127221963
13 1.0506833585
15 1.1420863995
17 1.015665955
19 0.9967529395
21 0.9850301385
23 0.9882937875
25 0.952658405
27 0.946578267
29 0.93642663
31 0.9203175435
33 0.9135455675
35 0.9065485005
37 0.9517146505
39 0.9152813385
41 0.983962264
43 0.9108901195
45 0.904239476
47 0.90053445
49 0.908447575
51 0.8871211165
53 0.935025467
55 0.886981159
57 0.862055354
59 0.874380086
61 0.882324932
63 0.889719189
65 0.8909751775
67 0.881342646
69 0.847462862
71 0.859434482
73 0.881588342
75 0.9181341255
77 0.869632609
79 0.8584420565
81 0.8316504735
83 0.858707898
85 0.818378606
87 0.8219383425
89 0.827457024
91 0.828084166
93 0.828572328
95 0.922274464
97 0.817764919
99 0.8594876125
5140 0.7991079015
10181 0.838594744
15222 0.951991288
20263 0.8841571885
25304 0.898597846
30345 0.883864777
35386 0.909520102
40427 0.9598539845
45468 0.9172388865
50509 0.939330501
55550 0.9281209935
60591 0.909160981
65632 0.9394636205
70673 0.9069825315
75714 0.961231655
80755 0.915755104
85796 0.919220014
90837 0.9353532245
95878 0.9616914435
100919 0.949888249
105960 0.976917555
111001 0.947902702
116042 0.9591792595
121083 0.9496490745
126124 0.9308497595
131165 1.019767358
136206 0.9636361775
141247 0.9952059195
146288 0.959407259
151329 0.932833728
156370 0.973915877
161411 0.965284508
166452 0.993751112
171493 1.0620964055
176534 0.980992064
181575 0.9327355485
186616 0.9677482055
191657 0.989875629
196698 0.9655061975
201739 0.986328458
206780 1.001691768
211821 0.971045804
216862 1.0002829415
221903 1.0118413665
226944 0.9657901865
231985 0.955602226
237026 1.0687459715
242067 0.9549605945
247108 0.9678105655
252034 0.9786345935
