5351424
1 27.4743814945
3 13.8839875735
5 11.633573408
7 10.4807657315
9 9.357317764
11 9.3603412385
13 9.047418247
15 8.3794558375
17 8.593288608
19 8.4318898975
21 7.9745930365
23 7.7883851185
25 7.6985823035
27 7.5638764795
29 7.514963224
31 7.582658797
33 7.4671205025
35 7.57095785
37 7.4211797885
39 7.513727532
41 7.363593601
43 7.3663776415
45 7.3880937145
47 7.240193249
49 7.1907481915
51 7.303710246
53 7.267807529
55 7.113539665
57 7.431719488
59 7.045404984
61 7.095505994
63 7.1961180215
65 7.073342323
67 7.063144266
69 7.1391833185
71 7.133397711
73 7.072104028
75 7.1558365695
77 7.095019785
79 7.073137478
81 7.048055105
83 6.984901645
85 6.982610299
87 7.029991301
89 6.9641735475
91 6.8887628425
93 7.01320681
95 6.897554734
97 7.0197654635
99 6.8983415025
107128 6.731920387
214157 7.0358891705
321186 7.24457866
428215 7.1290603545
535244 7.3892674575
642273 7.4110073705
749302 7.51409412
856331 7.4997338635
963360 7.6877291035
1070389 7.7313205295
1177418 7.5002526155
1284447 7.721519824
1391476 7.7108470435
1498505 7.650720581
1605534 7.5707325165
1712563 7.7250739285
1819592 7.4916507865
1926621 7.4552521795
2033650 7.6845500055
2140679 7.594092447
2247708 7.48386581
2354737 7.4768007575
2461766 7.486889663
2568795 7.531089116
2675824 7.598092846
2782853 7.8097451115
2889882 7.8067279025
2996911 7.7072284555
3103940 7.806483803
3210969 7.6877479315
3317998 7.7918075245
3425027 7.664658691
3532056 7.7963732465
3639085 7.7443991725
3746114 7.709294712
3853143 7.681446378
3960172 7.63994182
4067201 7.790352228
4174230 7.7325497515
4281259 7.778374444
4388288 7.718458946
4495317 7.7122325665
4602346 7.6419218125
4709375 7.7025682275
4816404 7.725236576
4923433 7.8107540845
5030462 7.818786957
5137491 7.754937818
5244520 7.771532335
5351424 7.6851108625
