595584
1 145.178274987
3 140.5527337755
5 124.642882373
7 104.87426474
9 95.349080385
11 89.419088113
13 83.3521519425
15 80.455097416
17 78.9130816805
19 76.349805509
21 73.2704970065
23 72.482168969
25 71.116586715
27 70.0413566985
29 69.059762705
31 67.4235626825
33 68.0756461095
35 67.1056078515
37 67.3154225615
39 65.9453960375
41 65.589859118
43 65.594504258
45 63.9000759625
47 64.651333514
49 63.984541241
51 63.6088103735
53 62.464120856
55 61.1691420045
57 61.9323591495
59 60.576789346
61 61.0823279875
63 60.958738742
65 59.9539544685
67 61.449919577
69 59.2564538085
71 59.7779031435
73 59.7834630635
75 59.504149814
77 58.360588868
79 59.2002325955
81 58.4764581485
83 58.07136085
85 57.8334465145
87 57.4398188
89 57.341047234
91 57.9828889835
93 56.7130221505
95 56.2732216015
97 55.796456494
99 55.122795677
12011 11.783168299
23923 9.7658320995
35835 9.6036115895
47747 7.3642511835
59659 8.353551068
71571 6.838570501
83483 6.7664320625
95395 6.347954548
107307 5.779442299
119219 7.0920665345
131131 4.570525387
143043 6.4309130555
154955 6.7801573025
166867 7.1130630075
178779 6.543409849
190691 4.924713126
202603 5.141447289
214515 6.1320914965
226427 4.0815088075
238339 6.4087044915
250251 6.715989724
262163 7.0585684055
274075 6.335040999
285987 5.588126561
297899 2.103281067
309811 2.1010123645
321723 2.097982769
333635 2.050383979
345547 2.1345560875
357459 2.029514864
369371 2.138390207
381283 2.086627089
393195 2.0657991035
405107 2.0537419525
417019 2.075791342
428931 2.0821940775
440843 2.069861159
452755 2.1196411625
464667 2.052802969
476579 2.075141093
488491 2.0523112335
500403 2.0954008155
512315 2.061090413
524227 2.0850046325
536139 2.111642937
548051 2.0711419735
559963 2.1085360975
571875 2.0618140585
583787 2.0870177485
595584 2.0733890065
