577536
1 2.585129305
3 2.33702905
5 2.201673637
7 2.034391971
9 2.002282261
11 2.0978565655
13 1.961850418
15 1.915048679
17 1.8658464135
19 1.9403360615
21 1.887294981
23 1.8591366985
25 1.8484375845
27 1.830629373
29 1.839972972
31 1.8175530545
33 1.800993468
35 1.786783725
37 1.8008299905
39 1.8144092375
41 1.7843725245
43 1.8058931435
45 1.7766855525
47 1.7370998535
49 1.82842268
51 1.7374639615
53 1.762450283
55 1.7629194735
57 1.793392142
59 1.750968531
61 1.754110223
63 1.732614102
65 1.710240949
67 1.702254855
69 1.680150659
71 1.737827163
73 1.731743748
75 1.726050384
77 1.7850222155
79 1.726601051
81 1.689836846
83 1.748335041
85 1.7428340125
87 1.7282112285
89 1.69392958
91 1.69774807
93 1.7281462925
95 1.687039407
97 1.651960916
99 1.6564623365
11650 1.0626393135
23201 1.028381007
34752 1.0159844975
46303 0.9895550025
57854 1.028842509
69405 1.004570138
80956 1.0194205745
92507 1.0212133495
104058 0.9859321035
115609 0.986413594
127160 1.0057532605
138711 0.984297726
150262 0.9672621825
161813 0.9797565685
173364 0.9939253875
184915 0.953506253
196466 0.9676629825
208017 0.99738594
219568 1.0030347745
231119 0.979255737
242670 1.005843872
254221 0.9877649415
265772 1.0063835165
277323 0.989068579
288874 0.9861451305
300425 1.0057251635
311976 0.9890080015
323527 1.0032862385
335078 1.019014002
346629 1.0387907805
358180 1.0109350915
369731 0.9913804615
381282 1.036853549
392833 1.0120495315
404384 0.9859007125
415935 1.0282254875
427486 1.0228777915
439037 1.016052486
450588 0.978394231
462139 1.0093017815
473690 0.973198224
485241 0.997002425
496792 1.03558169
508343 1.010820923
519894 1.021480781
531445 0.980095622
542996 1.0270849405
554547 1.0335212895
566098 0.970787559
577536 1.03433979
