7680
1 0.224811145
3 0.142233403
5 0.1226917985
7 0.1099140905
9 0.106458479
11 0.1029115795
13 0.0967910955
15 0.0943070015
17 0.0926275625
19 0.09328495
21 0.0925905
23 0.089357158
25 0.0890998015
27 0.090942008
29 0.088486866
31 0.0866062295
33 0.084554764
35 0.08537587
37 0.085926886
39 0.0834220435
41 0.082737947
43 0.082029928
45 0.0830877055
47 0.0820915365
49 0.080688212
51 0.082755232
53 0.0813195205
55 0.0816346965
57 0.0807934885
59 0.079806356
61 0.080700005
63 0.081606341
65 0.079628077
67 0.0806388235
69 0.078372304
71 0.0794222125
73 0.0769876825
75 0.0747342915
77 0.0776829375
79 0.078495676
81 0.0769994335
83 0.0777524
85 0.0806227645
87 0.074409527
89 0.0733378005
91 0.074901959
93 0.076278613
95 0.0762960395
97 0.0746242635
99 0.075072744
253 0.0681721005
407 0.061316079
561 0.05866049
715 0.0567099035
869 0.0531311185
1023 0.0518786205
1177 0.0580438055
1331 0.053686046
1485 0.0528650075
1639 0.0568624615
1793 0.0537070945
1947 0.050038211
2101 0.052113988
2255 0.054646508
2409 0.0503685225
2563 0.0508103925
2717 0.049094456
2871 0.049658767
3025 0.0495007475
3179 0.0497089155
3333 0.053475513
3487 0.0505668775
3641 0.051902901
3795 0.0548135925
3949 0.0528418575
4103 0.052667767
4257 0.0519580995
4411 0.0550088125
4565 0.052881732
4719 0.052372407
4873 0.052391268
5027 0.052348907
5181 0.0525980815
5335 0.0521006
5489 0.0514019385
5643 0.052190131
5797 0.0513018495
5951 0.0529319375
6105 0.0530736575
6259 0.0544499855
6413 0.0563896615
6567 0.0527595205
6721 0.054037882
6875 0.0528725255
7029 0.052558217
7183 0.052079273
7337 0.051858025
7491 0.0527401585
7645 0.0528987485
7680 0.053381281
