252034
1 2.6793139135
2 1.891359509
3 1.690095021
4 1.5231135565
5 1.4327761895
6 1.2954878585
7 1.3305927625
8 1.1964668395
9 1.2605882825
10 1.2557576885
11 1.207542991
12 1.110147535
13 1.1448321295
14 1.0797593585
15 1.0639961495
16 1.1231175765
17 1.0333197775
18 1.113571355
19 1.014836559
20 1.1077733155
21 1.005577269
22 0.9860644905
23 1.0311781605
24 0.99443159
25 1.005010794
26 0.9661526375
27 0.9612096715
28 1.115206933
29 1.001845288
30 0.967978353
31 0.9558379715
126017 1.0074975805
