595584
1 145.134968882
2 141.5696010715
3 143.120130339
4 141.4318959995
5 124.54391689
6 112.2100388505
7 105.3800533165
8 95.5881811425
9 94.4064924205
10 92.3847423315
11 88.169067852
12 81.7193948325
13 84.110053034
14 81.054707224
15 80.422768418
16 72.808544572
17 78.684197382
18 87.3338779865
19 75.510559133
20 74.793005243
21 73.5868076965
22 72.026550139
23 70.791173139
24 64.6535154985
25 70.3732452995
26 70.053979737
27 69.6292423565
28 69.564913265
29 68.054715638
30 67.884670371
31 67.153724311
297792 2.118765913
