5351424
1 27.457065722
2 17.3569533755
3 14.013289637
4 12.0146903825
5 11.719737509
6 10.3981077215
7 10.7112808665
8 9.2358552705
9 9.2825897205
10 9.3264869125
11 9.42108722
12 8.437103156
13 9.157817703
14 8.6223714885
15 8.4566710075
16 7.8841149675
17 8.717528171
18 7.908476519
19 8.4236010735
20 7.9180292835
21 7.953471902
22 7.972253185
23 7.8105621295
24 7.3255164845
25 7.7752569455
26 7.905800164
27 7.672150823
28 7.448622327
29 7.691581442
30 7.436756712
31 7.71893571
2675712 7.7246754385
